
agency_cd	site_no	parameter_cd	ts_id	month_nu	day_nu	begin_yr	end_yr	count_nu	max_va_yr	max_va	min_va_yr	min_va	mean_va	p05_va	p10_va	p20_va	p25_va	p50_va	p75_va	p80_va	p90_va	p95_va
5s	15s	5s	11n	3n	3n	6n	6n	8n	5n	12s	5n	12s	12s	12s	12s	12s	12s	12s	12s	12s	12s	12s
USGS	09317997	00060	143120	1	1	1980	2006	23	1987	46.0	2005	10.0	23	10	11	15	16	22	31	31	37	45
USGS	09317997	00060	143120	1	2	1980	2006	23	1986	49.0	2005	9.00	24	9.4	12	15	16	22	31	31	43	49
USGS	09317997	00060	143120	1	3	1980	2006	23	1987	45.0	2004	11.0	24	11	12	13	14	24	31	33	40	44
USGS	09317997	00060	143120	1	4	1980	2006	23	1987	49.0	1993	11.0	23	11	11	13	14	25	30	31	34	46
USGS	09317997	00060	143120	1	5	1980	2006	23	1987	50.0	2005	10.0	24	10	12	16	16	22	30	30	34	47
USGS	09317997	00060	143120	1	6	1980	2006	23	1987	46.0	2005	8.00	23	8.6	12	15	16	22	30	31	37	45
USGS	09317997	00060	143120	1	7	1980	2006	23	1987	44.0	2005	5.70	22	6.8	12	15	15	20	29	29	30	41
USGS	09317997	00060	143120	1	8	1980	2006	23	1997	44.0	2005	10.0	23	10	13	16	16	24	28	29	37	43
USGS	09317997	00060	143120	1	9	1980	2006	23	1986	45.0	2005	10.0	24	10	12	15	17	21	29	30	40	44
USGS	09317997	00060	143120	1	10	1980	2006	23	1986	44.0	2005	8.00	24	8.6	12	16	16	23	29	30	40	43
USGS	09317997	00060	143120	1	11	1980	2006	23	1987	44.0	2005	7.00	23	7.8	11	14	16	22	29	32	39	43
USGS	09317997	00060	143120	1	12	1980	2006	23	1987	43.0	2005	5.00	23	5.8	9.9	15	15	22	30	32	37	42
USGS	09317997	00060	143120	1	13	1980	2006	23	1980	39.0	2005	4.00	24	5.4	12	17	18	22	31	33	38	39
USGS	09317997	00060	143120	1	14	1980	2006	23	1980	38.0	2005	4.00	23	5.4	12	18	18	21	31	32	35	38
USGS	09317997	00060	143120	1	15	1980	2006	23	1986	43.0	2005	7.00	24	7.8	12	17	18	22	30	31	36	42
USGS	09317997	00060	143120	1	16	1980	2006	23	1987	41.0	2004	11.0	23	11	12	15	16	22	30	31	38	41
USGS	09317997	00060	143120	1	17	1980	2006	23	1986	41.0	1991	11.0	23	11	11	13	15	23	32	33	38	40
USGS	09317997	00060	143120	1	18	1980	2006	23	1997	44.0	2005	9.00	24	9.4	11	14	14	22	30	34	41	43
USGS	09317997	00060	143120	1	19	1980	2006	23	1987	45.0	1991	11.0	24	11	11	14	15	24	30	34	43	45
USGS	09317997	00060	143120	1	20	1980	2006	23	1986	43.0	1991	8.90	23	9.1	10	13	13	22	29	31	41	43
USGS	09317997	00060	143120	1	21	1980	2006	23	1997	42.0	1991	9.60	22	9.9	11	12	12	19	28	29	41	42
USGS	09317997	00060	143120	1	22	1980	2006	23	1987	41.0	1991	10.0	22	10	11	13	14	21	28	30	39	41
USGS	09317997	00060	143120	1	23	1980	2006	23	1987	47.0	1993	7.00	23	7.6	10	13	13	21	30	32	42	46
USGS	09317997	00060	143120	1	24	1980	2006	23	1987	48.0	2002	9.80	24	10	11	13	14	20	32	33	41	47
USGS	09317997	00060	143120	1	25	1980	2006	23	1987	47.0	2002	9.40	23	9.7	12	13	15	21	29	31	41	46
USGS	09317997	00060	143120	1	26	1980	2006	23	1987	47.0	1991	9.30	23	9.4	10	15	16	20	29	30	40	46
USGS	09317997	00060	143120	1	27	1980	2006	23	1987	45.0	2002	11.0	23	11	11	12	14	19	28	30	43	45
USGS	09317997	00060	143120	1	28	1980	2006	23	1987	46.0	2002	9.40	23	9.7	11	13	14	24	29	29	40	45
USGS	09317997	00060	143120	1	29	1980	2006	23	1987	46.0	2002	8.80	23	9.2	11	14	15	21	27	29	42	46
USGS	09317997	00060	143120	1	30	1980	2006	23	1987	48.0	2002	8.20	22	8.8	11	12	14	20	29	31	40	47
USGS	09317997	00060	143120	1	31	1980	2006	23	1987	49.0	2002	7.60	23	8.1	10	13	16	20	29	31	42	48
USGS	09317997	00060	143120	2	1	1980	2006	23	1987	49.0	2002	8.20	23	8.3	9.3	13	14	21	29	31	40	48
USGS	09317997	00060	143120	2	2	1980	2006	23	1987	49.0	1991	8.50	22	8.5	9.1	11	14	19	30	33	40	48
USGS	09317997	00060	143120	2	3	1980	2006	23	1987	50.0	1993	7.00	22	7.4	9.3	12	14	20	28	29	41	49
USGS	09317997	00060	143120	2	4	1980	2006	23	1987	49.0	1993	8.10	23	8.3	9.1	13	16	19	29	30	37	47
USGS	09317997	00060	143120	2	5	1980	2006	23	1987	50.0	1991	7.30	22	7.8	10	13	16	20	29	29	39	48
USGS	09317997	00060	143120	2	6	1980	2006	23	1987	50.0	1991	7.90	23	8.3	10	15	16	22	29	29	41	49
USGS	09317997	00060	143120	2	7	1980	2006	23	1987	49.0	1991	7.40	24	8.1	11	16	18	22	30	30	38	47
USGS	09317997	00060	143120	2	8	1980	2006	23	1987	50.0	1991	8.20	24	8.8	11	16	17	22	29	31	44	49
USGS	09317997	00060	143120	2	9	1980	2006	23	1987	51.0	1991	8.30	23	9	12	15	17	22	29	30	40	49
USGS	09317997	00060	143120	2	10	1980	2006	23	1987	51.0	1991	9.20	24	9.6	11	16	20	23	29	29	36	48
USGS	09317997	00060	143120	2	11	1980	2006	23	1986	51.0	1991	8.30	25	8.8	11	17	18	22	29	31	46	51
USGS	09317997	00060	143120	2	12	1980	2006	23	1987	50.0	1991	11.0	25	11	12	18	18	23	29	32	41	48
USGS	09317997	00060	143120	2	13	1980	2006	23	1987	50.0	1993	9.30	25	9.6	11	16	17	22	30	34	43	49
USGS	09317997	00060	143120	2	14	1980	2006	23	1987	52.0	1993	9.20	25	9.6	11	16	16	23	33	35	46	52
USGS	09317997	00060	143120	2	15	1980	2006	23	1987	50.0	1990	11.0	25	11	12	14	15	23	29	35	46	49
USGS	09317997	00060	143120	2	16	1980	2006	23	1986	51.0	2004	12.0	25	12	14	15	16	23	29	33	45	51
USGS	09317997	00060	143120	2	17	1980	2006	23	1986	46.0	1991	12.0	25	12	12	15	18	25	29	31	43	46
USGS	09317997	00060	143120	2	18	1980	2006	23	1986	53.0	1991	12.0	25	12	13	15	16	23	31	32	42	52
USGS	09317997	00060	143120	2	19	1980	2006	23	1986	51.0	1991	11.0	24	11	13	16	16	23	31	32	40	50
USGS	09317997	00060	143120	2	20	1980	2006	23	1987	43.0	1994	13.0	24	13	14	16	16	23	30	32	36	42
USGS	09317997	00060	143120	2	21	1980	2006	23	1986	45.0	1991	12.0	24	12	14	16	17	23	28	29	40	45
USGS	09317997	00060	143120	2	22	1980	2006	23	1986	51.0	2004	14.0	24	14	15	18	18	23	28	29	42	50
USGS	09317997	00060	143120	2	23	1980	2006	23	1986	54.0	1991	13.0	25	13	15	16	16	23	30	32	44	52
USGS	09317997	00060	143120	2	24	1980	2006	23	1986	53.0	1995	13.0	24	13	14	15	16	22	30	31	42	52
USGS	09317997	00060	143120	2	25	1980	2006	23	1986	55.0	1991	10.0	24	11	13	15	16	22	30	31	44	54
USGS	09317997	00060	143120	2	26	1980	2006	23	1986	56.0	1991	13.0	25	13	14	16	16	22	31	35	47	55
USGS	09317997	00060	143120	2	27	1980	2006	23	1986	57.0	2001	14.0	26	14	15	17	17	23	29	33	51	56
USGS	09317997	00060	143120	2	28	1980	2006	23	1986	57.0	2003	12.0	26	12	14	16	17	23	30	33	48	55
USGS	09317997	00060	143120	2	29	1980	2004	6	1980	37.0	1996	16.0	23			16	16	20	31	34		
USGS	09317997	00060	143120	3	1	1980	2006	23	1986	58.0	1996	9.90	26	11	13	17	17	22	30	32	49	57
USGS	09317997	00060	143120	3	2	1980	2006	23	1986	62.0	1996	9.40	25	9.9	12	16	16	22	29	31	51	60
USGS	09317997	00060	143120	3	3	1980	2006	23	1986	64.0	1996	10.0	25	10	12	15	16	24	29	30	49	61
USGS	09317997	00060	143120	3	4	1980	2006	23	1986	66.0	1996	10.0	26	10	12	14	16	22	28	30	60	66
USGS	09317997	00060	143120	3	5	1980	2006	23	1986	66.0	1996	10.0	26	10	12	16	17	22	28	29	59	66
USGS	09317997	00060	143120	3	6	1980	2006	23	1997	69.0	1996	10.0	27	10	12	16	16	22	30	30	61	69
USGS	09317997	00060	143120	3	7	1980	2006	23	1997	84.0	1996	11.0	27	11	13	16	16	22	28	30	61	81
USGS	09317997	00060	143120	3	8	1980	2006	23	1997	88.0	1996	12.0	27	12	13	16	17	22	28	29	61	84
USGS	09317997	00060	143120	3	9	1980	2006	23	1997	81.0	1996	12.0	27	12	14	16	17	22	29	32	63	79
USGS	09317997	00060	143120	3	10	1980	2006	23	1997	85.0	2003	13.0	27	13	15	16	19	22	29	31	56	80
USGS	09317997	00060	143120	3	11	1980	2006	23	1997	96.0	2003	13.0	27	13	15	16	17	22	32	32	52	88
USGS	09317997	00060	143120	3	12	1980	2006	23	1997	100	2003	13.0	28	13	15	17	17	22	29	32	53	92
USGS	09317997	00060	143120	3	13	1980	2006	23	1997	108	2003	13.0	28	13	15	17	18	21	29	33	55	99
USGS	09317997	00060	143120	3	14	1980	2006	23	1997	110	2003	13.0	29	14	16	18	18	21	30	34	63	103
USGS	09317997	00060	143120	3	15	1980	2006	23	1997	121	2003	13.0	30	14	16	17	19	22	31	33	63	112
USGS	09317997	00060	143120	3	16	1980	2006	23	1997	138	2003	13.0	30	14	16	17	18	22	30	33	63	126
USGS	09317997	00060	143120	3	17	1980	2006	23	1997	138	2003	13.0	31	14	16	18	18	23	33	34	62	126
USGS	09317997	00060	143120	3	18	1980	2006	23	1997	138	2003	13.0	32	13	16	18	19	24	34	37	64	126
USGS	09317997	00060	143120	3	19	1980	2006	23	1997	141	2003	13.0	32	13	16	18	19	25	35	35	65	129
USGS	09317997	00060	143120	3	20	1980	2006	23	1997	144	2003	13.0	32	13	16	17	18	26	35	37	65	131
USGS	09317997	00060	143120	3	21	1980	2006	23	1997	146	2003	13.0	33	13	16	18	18	24	35	37	70	133
USGS	09317997	00060	143120	3	22	1980	2006	23	1997	147	2003	13.0	33	13	15	18	18	25	35	37	68	134
USGS	09317997	00060	143120	3	23	1980	2006	23	1997	148	2003	13.0	34	13	15	17	18	25	35	42	79	139
USGS	09317997	00060	143120	3	24	1980	2006	23	1997	149	2003	14.0	35	14	15	18	18	25	36	38	82	140
USGS	09317997	00060	143120	3	25	1980	2006	23	1997	144	2003	14.0	34	14	16	18	18	26	36	38	78	134
USGS	09317997	00060	143120	3	26	1980	2006	23	1997	153	1991	14.0	35	14	15	18	19	28	34	38	76	141
USGS	09317997	00060	143120	3	27	1980	2006	23	1997	158	1991	14.0	35	14	15	18	20	27	36	37	81	147
USGS	09317997	00060	143120	3	28	1980	2006	23	1997	159	2003	14.0	37	14	15	19	19	27	36	38	95	152
USGS	09317997	00060	143120	3	29	1980	2006	23	1997	156	1991	14.0	37	14	16	19	22	27	36	39	100	152
USGS	09317997	00060	143120	3	30	1980	2006	23	1997	155	2003	14.0	38	14	16	19	22	28	35	38	108	154
USGS	09317997	00060	143120	3	31	1980	2006	23	1986	168	2004	14.0	39	14	16	19	20	28	37	39	114	166
USGS	09317997	00060	143120	4	1	1980	2006	23	1986	175	2006	5.00	40	7.2	18	21	22	27	40	42	114	171
USGS	09317997	00060	143120	4	2	1980	2006	23	1986	172	2006	5.00	41	7	16	22	22	29	40	41	114	168
USGS	09317997	00060	143120	4	3	1980	2006	23	1986	153	2006	6.00	41	7.8	17	22	23	31	40	41	115	153
USGS	09317997	00060	143120	4	4	1980	2006	23	1997	151	2006	7.00	41	8.6	17	22	24	32	39	41	109	149
USGS	09317997	00060	143120	4	5	1980	2006	23	1997	150	2006	11.0	41	12	18	23	24	32	39	40	101	146
USGS	09317997	00060	143120	4	6	1980	2006	23	1997	150	2006	9.00	41	10	18	24	25	35	40	40	101	146
USGS	09317997	00060	143120	4	7	1980	2006	23	1997	147	2006	9.00	43	10	18	25	26	35	44	46	105	145
USGS	09317997	00060	143120	4	8	1980	2006	23	1997	138	2006	9.00	43	10	17	25	28	33	45	56	104	137
USGS	09317997	00060	143120	4	9	1980	2006	23	1986	128	2006	11.0	42	12	18	25	27	32	48	63	92	124
USGS	09317997	00060	143120	4	10	1980	2006	23	1986	126	2006	13.0	43	14	18	25	27	34	49	64	92	122
USGS	09317997	00060	143120	4	11	1980	2006	23	1986	130	2006	13.0	43	15	21	24	26	35	46	57	90	125
USGS	09317997	00060	143120	4	12	1980	2006	23	1986	130	2006	14.0	43	16	23	25	26	38	48	52	88	125
USGS	09317997	00060	143120	4	13	1980	2006	23	1986	139	2006	19.0	45	20	23	27	28	41	51	54	87	132
USGS	09317997	00060	143120	4	14	1980	2006	23	1986	128	2006	21.0	47	21	24	28	29	45	53	56	88	123
USGS	09317997	00060	143120	4	15	1980	2006	23	1986	126	2005	24.0	49	24	24	27	28	47	55	55	94	122
USGS	09317997	00060	143120	4	16	1980	2006	23	1986	130	2003	22.0	49	22	24	28	29	43	57	59	102	126
USGS	09317997	00060	143120	4	17	1980	2006	23	1986	128	2003	22.0	53	23	26	29	32	45	65	67	111	125
USGS	09317997	00060	143120	4	18	1980	2006	23	1986	123	2003	21.0	56	21	23	33	34	52	62	73	119	123
USGS	09317997	00060	143120	4	19	1980	2006	23	1997	131	2003	20.0	56	20	23	30	34	48	64	78	113	128
USGS	09317997	00060	143120	4	20	1980	2006	23	1997	141	2006	19.0	55	19	22	29	35	49	63	68	108	137
USGS	09317997	00060	143120	4	21	1980	2006	23	1997	161	2003	21.0	58	21	23	31	37	54	66	68	124	157
USGS	09317997	00060	143120	4	22	1980	2006	23	1997	161	1995	24.0	61	24	24	36	38	52	71	76	129	158
USGS	09317997	00060	143120	4	23	1980	2006	23	1997	163	1995	24.0	65	25	31	35	39	57	79	86	130	157
USGS	09317997	00060	143120	4	24	1980	2006	23	1987	150	1995	24.0	70	26	34	39	42	56	83	98	145	149
USGS	09317997	00060	143120	4	25	1979	2006	24	1987	140	1995	26.0	72	27	34	40	42	55	103	124	136	139
USGS	09317997	00060	143120	4	26	1979	2006	24	1986	174	2006	27.0	79	28	33	43	45	56	114	131	149	169
USGS	09317997	00060	143120	4	27	1979	2006	24	1987	170	1995	31.0	83	32	38	49	52	63	120	123	157	168
USGS	09317997	00060	143120	4	28	1979	2006	24	1987	179	1995	34.0	88	35	42	52	56	69	132	136	142	170
USGS	09317997	00060	143120	4	29	1979	2006	24	1987	197	1994	36.0	94	37	43	54	56	81	121	129	173	191
USGS	09317997	00060	143120	4	30	1979	2006	24	1987	198	2003	40.0	96	40	45	52	60	83	125	145	174	198
USGS	09317997	00060	143120	5	1	1980	2006	23	1986	305	2003	36.0	103	38	47	53	60	91	133	141	173	281
USGS	09317997	00060	143120	5	2	1980	2006	23	1986	353	2003	40.0	110	41	46	52	60	96	144	150	177	319
USGS	09317997	00060	143120	5	3	1980	2006	23	1986	416	2003	39.0	119	41	51	58	60	85	171	182	214	378
USGS	09317997	00060	143120	5	4	1980	2006	23	1986	463	2003	38.0	122	40	52	62	63	90	188	192	201	411
USGS	09317997	00060	143120	5	5	1980	2006	23	1986	354	2003	35.0	124	38	49	69	70	92	166	184	224	329
USGS	09317997	00060	143120	5	6	1980	2006	23	1980	321	2003	39.0	132	41	50	69	70	97	184	189	293	321
USGS	09317997	00060	143120	5	7	1980	2006	23	1980	306	2003	50.0	133	51	57	68	71	102	198	214	276	304
USGS	09317997	00060	143120	5	8	1980	2006	23	1986	293	2003	48.0	135	50	61	68	70	105	205	218	269	291
USGS	09317997	00060	143120	5	9	1980	2006	23	1986	320	2003	47.0	142	48	56	65	72	108	201	241	274	312
USGS	09317997	00060	143120	5	10	1980	2006	23	1986	310	2003	45.0	145	47	59	82	87	110	213	238	291	308
USGS	09317997	00060	143120	5	11	1980	2006	23	1986	339	2003	46.0	149	49	62	79	83	116	191	202	314	338
USGS	09317997	00060	143120	5	12	1980	2006	23	1986	415	2003	51.0	155	52	57	89	94	123	175	203	353	404
USGS	09317997	00060	143120	5	13	1980	2006	23	1996	421	1991	64.0	162	65	69	80	86	138	195	215	395	416
USGS	09317997	00060	143120	5	14	1980	2006	23	1997	454	2002	76.0	175	77	81	87	98	130	188	244	435	453
USGS	09317997	00060	143120	5	15	1980	2006	23	1997	509	2002	78.0	186	78	84	92	102	133	225	271	448	507
USGS	09317997	00060	143120	5	16	1980	2006	23	1996	548	2002	79.0	193	79	83	103	106	137	265	275	460	540
USGS	09317997	00060	143120	5	17	1980	2006	23	1997	517	1989	67.0	204	70	85	98	102	160	281	313	470	516
USGS	09317997	00060	143120	5	18	1980	2006	23	1997	519	1989	66.0	203	70	87	103	111	154	248	342	455	507
USGS	09317997	00060	143120	5	19	1980	2006	23	2006	518	1989	67.0	213	73	95	99	99	173	255	396	470	517
USGS	09317997	00060	143120	5	20	1980	2006	23	2006	583	1989	65.0	226	70	93	99	116	168	314	355	479	568
USGS	09317997	00060	143120	5	21	1980	2006	23	2006	553	1989	67.0	237	72	92	103	110	172	347	379	495	541
USGS	09317997	00060	143120	5	22	1980	2006	23	2006	548	1989	71.0	241	71	77	102	111	174	367	431	490	538
USGS	09317997	00060	143120	5	23	1980	2006	23	2006	516	2002	62.0	236	65	79	89	121	183	391	402	447	503
USGS	09317997	00060	143120	5	24	1980	2006	23	2006	489	2002	60.0	225	62	74	90	121	187	375	404	416	475
USGS	09317997	00060	143120	5	25	1979	2006	24	2006	494	2002	48.0	226	52	70	101	110	201	305	353	459	492
USGS	09317997	00060	143120	5	26	1979	2006	24	1986	578	2002	49.0	218	52	66	83	97	196	300	313	452	557
USGS	09317997	00060	143120	5	27	1979	2006	24	1986	696	2002	54.0	219	56	64	86	101	173	279	310	447	650
USGS	09317997	00060	143120	5	28	1979	2006	24	1986	786	1992	56.0	223	57	64	84	94	162	302	318	429	712
USGS	09317997	00060	143120	5	29	1979	2006	24	1986	801	1992	52.0	221	55	67	85	95	160	310	317	411	710
USGS	09317997	00060	143120	5	30	1979	2006	24	1986	795	1992	49.0	217	54	69	79	94	154	299	313	385	698
USGS	09317997	00060	143120	5	31	1979	2006	24	1986	797	1992	46.0	216	50	68	79	95	159	298	300	404	700
USGS	09317997	00060	143120	6	1	1980	2006	23	1986	782	1992	44.0	214	47	64	79	84	156	274	328	426	716
USGS	09317997	00060	143120	6	2	1980	2006	23	1986	804	1992	42.0	219	46	65	78	82	147	305	354	433	738
USGS	09317997	00060	143120	6	3	1980	2006	23	1986	847	1992	53.0	231	55	68	79	80	150	294	364	531	792
USGS	09317997	00060	143120	6	4	1980	2006	23	1986	762	1992	54.0	229	54	59	82	83	152	334	374	556	733
USGS	09317997	00060	143120	6	5	1980	2006	23	1986	761	2002	51.0	235	52	59	78	81	170	391	414	559	736
USGS	09317997	00060	143120	6	6	1980	2006	23	1986	834	2002	51.0	237	51	59	79	80	160	415	423	514	778
USGS	09317997	00060	143120	6	7	1980	2006	23	1986	765	2002	50.0	228	51	61	74	79	149	371	402	538	737
USGS	09317997	00060	143120	6	8	1980	2006	23	1986	710	2002	50.0	226	50	59	72	74	149	371	376	578	707
USGS	09317997	00060	143120	6	9	1980	2006	23	1980	759	2002	47.0	222	48	56	70	77	144	370	385	505	723
USGS	09317997	00060	143120	6	10	1980	2006	23	1980	795	2002	42.0	215	44	55	73	74	133	368	372	443	733
USGS	09317997	00060	143120	6	11	1980	2006	23	1980	824	2002	41.0	216	43	58	77	90	131	352	354	434	751
USGS	09317997	00060	143120	6	12	1980	2006	23	1980	749	2002	41.0	214	43	59	79	80	134	332	347	438	696
USGS	09317997	00060	143120	6	13	1980	2006	23	1980	681	2002	47.0	209	47	56	75	85	146	329	339	453	643
USGS	09317997	00060	143120	6	14	1980	2006	23	1980	647	1992	51.0	208	53	66	74	75	145	315	343	486	618
USGS	09317997	00060	143120	6	15	1980	2006	23	1980	664	1992	55.0	207	57	65	78	80	141	297	320	476	629
USGS	09317997	00060	143120	6	16	1980	2006	23	1980	636	2004	62.0	204	63	71	78	79	138	290	353	453	602
USGS	09317997	00060	143120	6	17	1980	2006	23	1980	601	2004	63.0	202	64	70	77	80	144	269	338	434	568
USGS	09317997	00060	143120	6	18	1980	2006	23	1980	581	2004	61.0	191	62	65	74	80	134	252	290	425	551
USGS	09317997	00060	143120	6	19	1980	2006	23	1980	582	2004	58.0	189	58	61	74	78	142	241	308	421	551
USGS	09317997	00060	143120	6	20	1980	2006	23	1980	566	2003	50.0	186	51	58	67	74	143	244	338	384	531
USGS	09317997	00060	143120	6	21	1980	2006	23	1980	521	2003	47.0	184	48	57	68	74	137	288	337	372	494
USGS	09317997	00060	143120	6	22	1980	2006	23	1980	480	2003	44.0	182	45	55	74	84	133	269	307	400	467
USGS	09317997	00060	143120	6	23	1980	2006	23	1980	484	2004	37.0	177	38	50	76	86	130	243	289	414	476
USGS	09317997	00060	143120	6	24	1980	2006	23	1980	472	2004	34.0	174	37	53	75	84	127	213	269	420	470
USGS	09317997	00060	143120	6	25	1980	2006	23	1995	455	2004	34.0	170	37	55	74	84	131	206	248	400	450
USGS	09317997	00060	143120	6	26	1980	2006	23	1995	494	2004	36.0	169	39	51	78	83	137	197	229	390	478
USGS	09317997	00060	143120	6	27	1980	2006	23	1995	558	2004	34.0	170	36	48	81	89	127	196	213	376	525
USGS	09317997	00060	143120	6	28	1980	2006	23	1995	628	2004	35.0	166	37	48	82	90	122	186	213	347	574
USGS	09317997	00060	143120	6	29	1980	2006	23	1995	614	2004	40.0	160	42	51	83	88	112	177	216	337	562
USGS	09317997	00060	143120	6	30	1980	2006	23	1995	490	2004	45.0	154	46	49	85	89	109	202	216	308	454
USGS	09317997	00060	143120	7	1	1980	2006	23	1995	513	2002	44.0	149	44	47	77	82	109	194	206	279	467
USGS	09317997	00060	143120	7	2	1980	2006	23	1995	474	2002	42.0	144	42	50	77	80	108	192	194	268	433
USGS	09317997	00060	143120	7	3	1980	2006	23	1995	542	2004	43.0	141	44	52	79	82	98	180	191	238	483
USGS	09317997	00060	143120	7	4	1980	2006	23	1995	452	2004	43.0	134	45	54	77	80	102	182	185	217	407
USGS	09317997	00060	143120	7	5	1980	2006	23	1995	393	2004	43.0	130	45	53	76	88	108	172	181	206	356
USGS	09317997	00060	143120	7	6	1980	2006	23	1995	330	2004	44.0	126	46	56	76	87	106	168	184	195	303
USGS	09317997	00060	143120	7	7	1980	2006	23	1995	239	2003	53.0	118	54	58	76	85	101	155	183	192	230
USGS	09317997	00060	143120	7	8	1980	2006	23	1995	225	2003	51.0	121	53	64	78	81	102	172	188	195	219
USGS	09317997	00060	143120	7	9	1980	2006	23	1995	226	2003	46.0	119	50	70	80	85	99	165	171	195	221
USGS	09317997	00060	143120	7	10	1980	2006	23	1995	238	2003	45.0	115	49	67	79	81	100	160	166	188	228
USGS	09317997	00060	143120	7	11	1980	2006	23	1995	242	2003	47.0	114	49	60	66	85	97	152	164	189	232
USGS	09317997	00060	143120	7	12	1980	2006	23	1995	241	2003	46.0	112	49	60	69	77	99	141	163	184	230
USGS	09317997	00060	143120	7	13	1980	2006	23	1995	213	2003	46.0	111	49	60	72	75	109	134	157	175	207
USGS	09317997	00060	143120	7	14	1980	2006	23	1995	193	2003	45.0	107	48	60	72	83	99	131	135	173	191
USGS	09317997	00060	143120	7	15	1980	2006	23	1997	184	2003	47.0	107	48	56	68	81	107	134	145	168	183
USGS	09317997	00060	143120	7	16	1980	2006	23	1986	171	1992	46.0	105	48	58	70	81	103	132	148	161	170
USGS	09317997	00060	143120	7	17	1979	2006	24	1986	169	1992	41.0	104	45	58	69	81	103	124	129	164	168
USGS	09317997	00060	143120	7	18	1979	2006	24	1986	161	1992	36.0	102	41	60	66	79	101	124	128	158	160
USGS	09317997	00060	143120	7	19	1979	2006	24	1986	162	1992	36.0	101	41	59	64	74	99	122	126	150	160
USGS	09317997	00060	143120	7	20	1979	2006	24	1986	165	1992	35.0	98	40	58	68	72	94	114	123	145	161
USGS	09317997	00060	143120	7	21	1979	2006	24	1986	172	1992	35.0	96	40	57	64	70	94	117	119	145	166
USGS	09317997	00060	143120	7	22	1979	2006	24	1986	172	1992	39.0	98	43	56	60	73	94	123	136	149	169
USGS	09317997	00060	143120	7	23	1979	2006	24	1998	175	1992	43.0	98	46	53	60	76	94	121	123	154	175
USGS	09317997	00060	143120	7	24	1979	2006	24	1986	172	1992	44.0	97	45	49	62	80	96	119	122	148	170
USGS	09317997	00060	143120	7	25	1979	2006	24	1986	169	1992	44.0	94	45	48	60	76	92	117	120	143	166
USGS	09317997	00060	143120	7	26	1979	2006	24	1986	161	1992	43.0	94	44	48	54	75	92	118	122	139	156
USGS	09317997	00060	143120	7	27	1979	2006	24	1986	150	1992	42.0	93	43	47	52	74	95	118	123	136	147
USGS	09317997	00060	143120	7	28	1979	2006	24	1986	146	1992	42.0	92	43	48	72	77	92	114	123	126	141
USGS	09317997	00060	143120	7	29	1979	2006	24	1997	144	1992	42.0	90	43	48	71	73	94	110	115	129	143
USGS	09317997	00060	143120	7	30	1979	2006	24	1997	142	1992	41.0	87	42	47	70	70	89	103	106	123	139
USGS	09317997	00060	143120	7	31	1979	2006	24	1997	139	2002	42.0	87	42	46	64	72	93	98	102	123	137
USGS	09317997	00060	143120	8	1	1980	2006	23	2000	165	1992	44.0	89	44	46	62	72	93	103	105	130	159
USGS	09317997	00060	143120	8	2	1980	2006	23	2000	162	1992	44.0	89	44	46	69	75	90	102	109	129	157
USGS	09317997	00060	143120	8	3	1980	2006	23	2000	172	1992	43.0	89	43	45	65	70	89	104	109	128	164
USGS	09317997	00060	143120	8	4	1980	2006	23	2000	182	2003	39.0	90	40	48	60	67	88	107	110	138	176
USGS	09317997	00060	143120	8	5	1980	2006	23	2000	164	2003	32.0	86	35	46	55	60	83	109	111	137	161
USGS	09317997	00060	143120	8	6	1980	2006	23	2000	170	2003	21.0	83	26	47	49	62	82	106	110	119	160
USGS	09317997	00060	143120	8	7	1980	2006	23	2000	169	2003	21.0	84	26	48	57	65	83	111	112	116	158
USGS	09317997	00060	143120	8	8	1980	2006	23	2000	167	2003	21.0	86	26	45	55	59	86	115	124	127	159
USGS	09317997	00060	143120	8	9	1980	2006	23	2000	161	2003	21.0	86	26	44	54	56	82	120	124	128	155
USGS	09317997	00060	143120	8	10	1980	2006	23	2000	148	2003	20.0	86	25	46	54	58	79	122	123	130	145
USGS	09317997	00060	143120	8	11	1980	2006	23	2000	147	2003	20.0	86	25	48	56	59	76	112	118	137	146
USGS	09317997	00060	143120	8	12	1980	2006	23	1995	148	2003	26.0	85	31	50	58	61	74	112	117	140	147
USGS	09317997	00060	143120	8	13	1980	2006	23	1986	170	2003	35.0	88	39	53	58	60	73	111	117	150	167
USGS	09317997	00060	143120	8	14	1980	2006	23	1986	165	2003	31.0	89	36	56	65	68	73	106	117	155	164
USGS	09317997	00060	143120	8	15	1980	2006	23	1980	164	2003	29.0	88	34	54	65	67	73	104	112	155	164
USGS	09317997	00060	143120	8	16	1980	2006	23	1986	162	2003	31.0	84	35	53	58	64	75	105	108	153	162
USGS	09317997	00060	143120	8	17	1980	2006	23	1980	161	2003	31.0	83	35	51	59	64	78	96	107	148	161
USGS	09317997	00060	143120	8	18	1980	2006	23	1980	158	2003	27.0	80	31	49	55	60	71	93	109	144	158
USGS	09317997	00060	143120	8	19	1980	2006	23	1986	163	2003	25.0	82	30	49	55	62	73	102	107	144	162
USGS	09317997	00060	143120	8	20	1980	2006	23	1986	157	2003	22.0	83	27	47	54	64	79	108	112	135	153
USGS	09317997	00060	143120	8	21	1980	2006	23	1986	165	2003	23.0	83	28	48	55	63	81	97	110	129	159
USGS	09317997	00060	143120	8	22	1980	2006	23	1986	169	2003	24.0	82	28	46	52	57	80	102	117	130	162
USGS	09317997	00060	143120	8	23	1980	2006	23	1986	163	2003	21.0	82	25	45	51	52	73	109	113	139	159
USGS	09317997	00060	143120	8	24	1980	2006	23	1986	174	2003	22.0	79	26	45	55	57	68	90	106	135	167
USGS	09317997	00060	143120	8	25	1980	2006	23	1986	158	2003	23.0	79	26	40	55	56	74	92	103	133	153
USGS	09317997	00060	143120	8	26	1980	2006	23	1986	149	2003	21.0	74	23	39	52	55	69	92	96	119	145
USGS	09317997	00060	143120	8	27	1980	2006	23	1986	123	2003	21.0	70	23	36	50	55	67	83	90	117	123
USGS	09317997	00060	143120	8	28	1980	2006	23	2000	105	2003	20.0	66	22	30	52	55	63	80	87	103	105
USGS	09317997	00060	143120	8	29	1980	2006	23	1986	113	2002	16.0	67	17	22	50	55	63	82	93	106	112
USGS	09317997	00060	143120	8	30	1980	2006	23	2000	132	2002	15.0	68	16	24	50	57	67	81	92	105	127
USGS	09317997	00060	143120	8	31	1980	2006	23	1986	117	2002	15.0	68	16	23	48	58	66	80	91	113	117
USGS	09317997	00060	143120	9	1	1980	2006	23	1986	122	2002	16.0	69	16	28	47	58	69	82	90	109	120
USGS	09317997	00060	143120	9	2	1980	2006	23	1997	127	2002	16.0	69	17	27	51	57	70	80	90	108	124
USGS	09317997	00060	143120	9	3	1980	2006	23	1997	142	2002	16.0	70	17	27	51	57	69	84	92	105	135
USGS	09317997	00060	143120	9	4	1980	2006	23	1997	131	2002	16.0	68	17	27	54	54	69	78	84	105	126
USGS	09317997	00060	143120	9	5	1980	2006	23	1997	126	2002	16.0	71	17	28	53	55	73	85	90	112	124
USGS	09317997	00060	143120	9	6	1980	2006	23	1997	130	2002	16.0	71	17	28	54	55	71	85	88	111	127
USGS	09317997	00060	143120	9	7	1980	2006	23	1997	126	2002	17.0	70	18	28	51	57	73	83	84	110	124
USGS	09317997	00060	143120	9	8	1980	2006	23	1997	125	2002	16.0	72	17	28	51	56	70	84	89	113	123
USGS	09317997	00060	143120	9	9	1980	2006	23	1997	134	2002	18.0	73	19	27	50	58	78	89	95	112	130
USGS	09317997	00060	143120	9	10	1980	2006	23	1997	125	2002	18.0	74	19	27	49	57	78	90	100	112	123
USGS	09317997	00060	143120	9	11	1980	2006	23	1997	121	2002	21.0	74	21	26	49	55	83	90	97	114	120
USGS	09317997	00060	143120	9	12	1980	2006	23	1997	119	2002	21.0	74	21	26	50	51	81	97	102	111	117
USGS	09317997	00060	143120	9	13	1980	2006	23	1997	122	2003	17.0	75	17	24	51	52	81	100	108	112	120
USGS	09317997	00060	143120	9	14	1980	2006	23	1997	122	2003	17.0	73	17	24	44	48	74	103	105	114	121
USGS	09317997	00060	143120	9	15	1980	2006	23	1999	132	2002	18.0	74	18	25	42	44	74	100	102	114	129
USGS	09317997	00060	143120	9	16	1980	2006	23	1999	132	2002	19.0	73	19	25	40	47	73	99	104	111	129
USGS	09317997	00060	143120	9	17	1980	2006	23	1999	137	2003	20.0	72	21	26	44	46	71	97	101	115	133
USGS	09317997	00060	143120	9	18	1980	2006	23	1999	143	2002	20.0	72	20	24	44	54	68	94	102	115	139
USGS	09317997	00060	143120	9	19	1980	2006	23	1999	146	2002	20.0	71	20	24	44	46	68	87	102	111	140
USGS	09317997	00060	143120	9	20	1980	2006	23	1999	147	2002	20.0	69	20	24	44	44	65	81	102	115	141
USGS	09317997	00060	143120	9	21	1980	2006	23	2000	140	2002	20.0	71	20	23	40	43	68	84	112	131	139
USGS	09317997	00060	143120	9	22	1980	2006	23	1999	136	2002	21.0	72	21	23	41	43	69	89	99	123	134
USGS	09317997	00060	143120	9	23	1980	2006	23	1986	129	2002	21.0	75	21	24	44	53	70	118	119	125	128
USGS	09317997	00060	143120	9	24	1980	2006	23	1986	167	1992	20.0	78	20	21	39	49	71	117	121	126	159
USGS	09317997	00060	143120	9	25	1980	2006	23	1986	143	1992	18.0	75	19	21	37	48	69	116	118	124	140
USGS	09317997	00060	143120	9	26	1980	2006	23	1986	137	1992	15.0	73	16	22	37	52	68	113	115	121	134
USGS	09317997	00060	143120	9	27	1980	2006	23	1986	138	1992	15.0	71	16	21	39	41	70	113	116	118	134
USGS	09317997	00060	143120	9	28	1980	2006	23	1986	132	1992	15.0	71	16	22	36	48	72	99	112	120	130
USGS	09317997	00060	143120	9	29	1980	2006	23	1999	136	1992	15.0	70	16	22	31	47	67	108	109	124	135
USGS	09317997	00060	143120	9	30	1980	2005	21	1986	124	1992	13.0	66	14	22	28	40	65	92	102	115	123
USGS	09317997	00060	143120	10	1	1980	2006	23	1987	124	1993	10.0	66	13	23	36	45	62	86	106	115	123
USGS	09317997	00060	143120	10	2	1980	2006	23	1987	115	1993	11.0	66	14	25	44	46	66	86	102	107	114
USGS	09317997	00060	143120	10	3	1980	2006	23	1988	108	1993	10.0	65	12	26	33	52	65	89	93	101	107
USGS	09317997	00060	143120	10	4	1980	2006	23	1988	104	1993	8.80	64	11	25	34	47	63	82	94	98	103
USGS	09317997	00060	143120	10	5	1980	2006	23	1992	101	1993	8.00	60	11	26	35	38	61	78	81	96	101
USGS	09317997	00060	143120	10	6	1980	2006	23	1999	103	1993	8.30	61	12	27	37	40	62	78	79	99	102
USGS	09317997	00060	143120	10	7	1980	2006	23	1999	101	1993	10.0	60	13	26	36	36	58	77	79	97	100
USGS	09317997	00060	143120	10	8	1980	2006	23	1992	123	1993	13.0	60	15	23	34	43	54	77	80	94	117
USGS	09317997	00060	143120	10	9	1980	2006	23	1992	119	1993	13.0	61	14	23	35	47	67	75	78	88	113
USGS	09317997	00060	143120	10	10	1980	2006	23	1992	118	1993	15.0	60	16	22	37	45	67	76	79	86	112
USGS	09317997	00060	143120	10	11	1980	2006	23	1992	116	1993	15.0	60	16	22	36	45	57	79	81	98	114
USGS	09317997	00060	143120	10	12	1980	2006	23	1992	116	1993	16.0	60	16	20	35	44	58	79	81	97	114
USGS	09317997	00060	143120	10	13	1980	2006	23	1992	115	1993	17.0	58	17	20	32	38	54	78	84	97	113
USGS	09317997	00060	143120	10	14	1980	2006	23	1992	115	1990	18.0	56	18	20	29	34	48	74	81	106	114
USGS	09317997	00060	143120	10	15	1980	2006	23	1992	119	1990	20.0	57	20	21	28	35	48	73	99	111	117
USGS	09317997	00060	143120	10	16	1980	2006	23	1992	125	1990	19.0	57	20	22	28	37	47	72	87	113	123
USGS	09317997	00060	143120	10	17	1980	2006	23	1992	126	1993	15.0	56	15	19	30	37	50	73	78	111	124
USGS	09317997	00060	143120	10	18	1980	2006	23	1992	122	1993	16.0	56	16	19	30	37	51	73	76	110	120
USGS	09317997	00060	143120	10	19	1980	2006	23	1992	117	1993	17.0	55	17	20	26	38	50	67	74	111	117
USGS	09317997	00060	143120	10	20	1980	2006	23	1997	113	1993	17.0	53	17	20	26	27	45	65	70	108	113
USGS	09317997	00060	143120	10	21	1980	2006	23	1998	112	1993	18.0	54	18	21	24	26	49	65	72	111	112
USGS	09317997	00060	143120	10	22	1980	2006	23	1998	164	1993	20.0	58	20	21	27	29	45	68	77	127	159
USGS	09317997	00060	143120	10	23	1980	2006	23	1992	172	1990	19.0	58	19	20	23	24	45	68	73	144	171
USGS	09317997	00060	143120	10	24	1980	2006	23	1998	164	1990	18.0	57	19	21	23	25	47	72	77	137	162
USGS	09317997	00060	143120	10	25	1980	2006	23	1992	149	1990	17.0	57	18	21	25	27	44	74	80	135	149
USGS	09317997	00060	143120	10	26	1980	2006	23	1998	148	1990	16.0	56	17	21	26	29	43	72	81	131	147
USGS	09317997	00060	143120	10	27	1980	2006	23	1998	147	1990	15.0	57	16	19	26	29	45	70	82	129	146
USGS	09317997	00060	143120	10	28	1980	2006	23	1992	135	1990	17.0	58	18	21	25	28	47	68	81	135	135
USGS	09317997	00060	143120	10	29	1980	2006	23	1999	135	1990	16.0	54	16	19	23	26	46	67	79	109	130
USGS	09317997	00060	143120	10	30	1980	2006	23	1999	136	1990	16.0	48	16	19	23	28	44	55	63	91	129
USGS	09317997	00060	143120	10	31	1980	2006	23	1999	132	1990	17.0	46	17	18	23	25	44	53	57	93	126
USGS	09317997	00060	143120	11	1	1980	2006	23	1999	131	2003	13.0	43	14	17	20	22	38	53	56	85	125
USGS	09317997	00060	143120	11	2	1980	2006	23	1999	130	2003	13.0	41	14	18	22	25	34	47	50	84	124
USGS	09317997	00060	143120	11	3	1980	2006	23	1999	124	2003	14.0	38	15	18	22	22	27	45	51	84	119
USGS	09317997	00060	143120	11	4	1980	2006	23	1999	121	2003	14.0	37	15	17	20	21	28	43	46	83	116
USGS	09317997	00060	143120	11	5	1980	2006	23	1999	120	2003	15.0	37	15	17	20	22	28	43	43	80	115
USGS	09317997	00060	143120	11	6	1980	2006	23	1999	121	2003	15.0	37	15	17	19	19	28	42	45	82	116
USGS	09317997	00060	143120	11	7	1980	2006	23	1999	118	2003	15.0	36	15	17	20	20	27	40	42	82	115
USGS	09317997	00060	143120	11	8	1980	2006	23	1999	121	1990	16.0	35	16	16	20	23	26	39	41	79	117
USGS	09317997	00060	143120	11	9	1980	2006	23	1999	118	1990	16.0	35	16	17	19	21	27	41	41	76	114
USGS	09317997	00060	143120	11	10	1980	2006	23	1999	117	1993	11.0	34	12	15	18	22	25	40	41	74	112
USGS	09317997	00060	143120	11	11	1980	2006	23	1999	117	1993	9.90	33	10	14	18	20	25	40	41	67	110
USGS	09317997	00060	143120	11	12	1980	2006	23	1999	114	1993	12.0	32	12	14	20	21	25	38	41	46	101
USGS	09317997	00060	143120	11	13	1980	2006	23	1999	105	2003	12.0	32	12	15	19	19	24	42	42	45	93
USGS	09317997	00060	143120	11	14	1980	2006	23	1999	88.0	1993	11.0	31	11	13	18	18	23	43	43	45	79
USGS	09317997	00060	143120	11	15	1980	2006	23	1999	88.0	1993	9.60	29	10	13	19	19	24	37	40	43	79
USGS	09317997	00060	143120	11	16	1980	2006	23	1999	100	1993	8.70	30	9.8	16	18	18	25	36	41	47	90
USGS	09317997	00060	143120	11	17	1980	2006	23	1999	115	1993	8.70	31	9.6	13	18	19	28	38	40	48	102
USGS	09317997	00060	143120	11	18	1980	2006	23	1999	100	1993	8.90	32	9.7	15	19	19	27	39	46	53	91
USGS	09317997	00060	143120	11	19	1980	2006	23	1999	87.0	1993	12.0	30	12	15	19	19	26	36	39	51	80
USGS	09317997	00060	143120	11	20	1980	2006	23	1999	75.0	2003	13.0	30	13	15	19	19	26	37	40	47	70
USGS	09317997	00060	143120	11	21	1980	2006	23	1988	46.0	2003	12.0	28	13	17	19	20	26	35	37	43	45
USGS	09317997	00060	143120	11	22	1980	2006	23	1997	50.0	1995	12.0	27	12	13	18	20	23	33	39	45	49
USGS	09317997	00060	143120	11	23	1980	2006	23	1988	45.0	1995	10.0	27	10	11	18	20	23	35	41	43	45
USGS	09317997	00060	143120	11	24	1980	2006	23	1986	45.0	1993	9.90	27	10	11	17	21	24	35	39	43	45
USGS	09317997	00060	143120	11	25	1980	2006	23	1988	46.0	1993	4.50	27	6	12	18	19	28	35	35	43	46
USGS	09317997	00060	143120	11	26	1980	2006	23	1988	46.0	1993	6.30	26	7.4	13	16	19	23	34	37	39	45
USGS	09317997	00060	143120	11	27	1980	2006	23	1987	43.0	1997	9.50	25	9.6	10	16	17	23	33	35	42	43
USGS	09317997	00060	143120	11	28	1980	2006	23	1988	46.0	1997	9.50	25	9.6	11	15	17	22	33	35	44	46
USGS	09317997	00060	143120	11	29	1980	2006	23	1987	46.0	1980	9.50	25	9.8	11	13	16	23	34	38	44	46
USGS	09317997	00060	143120	11	30	1980	2006	23	1987	46.0	1997	6.30	25	7.2	11	16	17	23	34	38	43	46
USGS	09317997	00060	143120	12	1	1980	2006	23	1988	47.0	1997	9.50	26	9.6	12	15	15	23	33	37	42	46
USGS	09317997	00060	143120	12	2	1980	2006	23	1987	48.0	1997	6.00	25	7.2	12	14	15	23	34	36	43	48
USGS	09317997	00060	143120	12	3	1980	2006	23	1987	48.0	1997	5.30	24	6.6	12	15	15	22	33	36	44	48
USGS	09317997	00060	143120	12	4	1980	2006	23	1987	48.0	1990	11.0	25	11	11	17	19	22	33	34	44	48
USGS	09317997	00060	143120	12	5	1980	2006	23	1988	48.0	1993	11.0	25	11	13	17	19	22	31	35	43	48
USGS	09317997	00060	143120	12	6	1980	2006	23	1987	46.0	1993	12.0	25	12	13	19	19	22	32	33	42	46
USGS	09317997	00060	143120	12	7	1980	2006	23	1987	45.0	1993	13.0	26	13	13	18	18	25	33	35	43	45
USGS	09317997	00060	143120	12	8	1980	2006	23	1987	44.0	1981	8.10	24	8.9	12	14	17	22	29	34	42	44
USGS	09317997	00060	143120	12	9	1980	2006	23	1988	46.0	1995	11.0	24	11	13	15	16	22	29	34	41	45
USGS	09317997	00060	143120	12	10	1980	2006	23	1987	46.0	1981	12.0	23	12	13	16	16	22	28	30	43	45
USGS	09317997	00060	143120	12	11	1980	2006	23	1987	49.0	1990	8.40	22	9.3	13	15	16	20	27	27	40	48
USGS	09317997	00060	143120	12	12	1980	2006	23	1987	48.0	1990	10.0	23	11	14	15	16	21	29	31	39	46
USGS	09317997	00060	143120	12	13	1980	2006	23	1986	58.0	1993	11.0	24	11	13	16	18	20	29	31	45	56
USGS	09317997	00060	143120	12	14	1980	2006	23	1987	57.0	1993	9.70	24	10	12	15	18	19	29	30	42	55
USGS	09317997	00060	143120	12	15	1980	2006	23	1987	44.0	1991	14.0	25	14	14	16	17	21	35	35	38	43
USGS	09317997	00060	143120	12	16	1980	2006	23	1999	44.0	1993	9.80	24	11	14	15	17	21	33	33	40	44
USGS	09317997	00060	143120	12	17	1980	2006	23	1988	51.0	1993	12.0	24	12	14	15	17	19	30	30	41	50
USGS	09317997	00060	143120	12	18	1980	2006	23	1988	44.0	2004	12.0	24	12	14	16	17	21	31	31	40	44
USGS	09317997	00060	143120	12	19	1980	2006	23	1988	42.0	1993	11.0	23	11	12	15	15	21	31	32	36	41
USGS	09317997	00060	143120	12	20	1980	2006	23	1997	42.0	1994	12.0	23	12	12	14	16	19	30	33	38	41
USGS	09317997	00060	143120	12	21	1980	2006	23	1997	49.0	2004	12.0	24	12	13	16	16	19	29	31	41	48
USGS	09317997	00060	143120	12	22	1980	2006	23	1997	50.0	2004	12.0	24	12	13	15	15	22	30	33	41	48
USGS	09317997	00060	143120	12	23	1980	2006	23	1987	47.0	2005	11.0	24	11	12	16	16	19	29	32	44	46
USGS	09317997	00060	143120	12	24	1980	2006	23	1987	43.0	2005	11.0	23	11	12	16	16	20	31	33	43	43
USGS	09317997	00060	143120	12	25	1980	2006	23	1986	43.0	2005	11.0	24	11	12	15	16	19	33	35	41	43
USGS	09317997	00060	143120	12	26	1980	2006	23	1997	48.0	2004	11.0	24	11	12	15	15	22	33	34	42	47
USGS	09317997	00060	143120	12	27	1980	2006	23	1987	49.0	2004	11.0	25	12	14	15	16	22	33	35	47	49
USGS	09317997	00060	143120	12	28	1980	2006	23	1987	47.0	2004	11.0	25	11	13	15	16	23	32	36	45	47
USGS	09317997	00060	143120	12	29	1980	2006	23	1999	48.0	2004	11.0	24	11	12	15	16	19	31	35	41	47
USGS	09317997	00060	143120	12	30	1980	2006	23	1999	50.0	2004	10.0	25	10	11	16	16	20	31	35	45	49
USGS	09317997	00060	143120	12	31	1980	2006	23	1999	52.0	2004	10.0	24	10	11	14	15	21	32	33	40	50

